0: -3
	0	10c0
	3	2000000
1: 0
	0	402399
	3	2000000
2: 3
	3	2000000
3: 6
	3	2000000
4: 9
	3	2000000
5: 12
	3	2000000
6: 15
	3	2000000
7: 18
	3	2000000
8: 21
	3	2000000
9: 24
	3	2000000
10: 27
	3	2000000
11: 30
	0	2399
	3	2000000
12: 33
	3	2000000
13: 36
	3	2000000
14: 39
	3	2000000
15: 42
	3	2000000
16: 45
	3	2000000
17: 48
	3	2000000
18: 51
	3	2000000
19: 54
	3	2000000
20: 57
	3	2000000
21: 60
	3	2000000
22: 63
	3	2000000
23: 66
	3	2000000
24: 69
	3	2000000
25: 72
	3	2000000
26: 75
	3	2000000
27: 78
	3	2000000
28: 81
	3	2000000
29: 84
	3	2000000
30: 87
	3	2000000
31: 90
	3	2000000
32: 93
	3	2000000
33: 96
	3	2000000
34: 99
	3	2000000
35: 102
	3	2000000
36: 105
	3	2000000
37: 108
	3	2000000
38: 111
	3	2000000
39: 114
	1	404090
	2	2000000
40: 117
	3	2000000
41: 120
	0	402399
	3	2000000
42: 123
	3	2000000
43: 126
	3	2000000
44: 129
	3	2000000
45: 132
	3	2000000
46: 135
	3	2000000
47: 138
	3	2000000
48: 141
	3	2000000
49: 144
	3	2000000
50: 147
	3	2000000
51: 150
	0	2399
	3	2000000
52: 153
	3	2000000
53: 156
	3	2000000
54: 159
	1	4090
	2	2000000
55: 162
	3	2000000
56: 165
	3	2000000
57: 168
	3	2000000
58: 171
	3	2000000
59: 174
	3	2000000
60: 177
	3	2000000
61: 180
	3	2000000
62: 183
	3	2000000
63: 186
	3	2000000
64: 189
	3	2000000
65: 192
	3	2000000
66: 195
	0	404090
	3	2000000
67: 198
	3	2000000
68: 201
	3	2000000
69: 204
	3	2000000
70: 207
	3	2000000
71: 210
	3	2000000
72: 213
	3	2000000
73: 216
	3	2000000
74: 219
	3	2000000
75: 222
	3	2000000
76: 225
	3	2000000
77: 228
	3	2000000
78: 231
	3	2000000
79: 234
	3	2000000
80: 237
	3	2000000
81: 240
	0	402399
	3	2000000
82: 243
	3	2000000
83: 246
	3	2000000
84: 249
	3	2000000
85: 252
	3	2000000
86: 255
	3	2000000
87: 258
	3	2000000
88: 261
	3	2000000
89: 264
	3	2000000
90: 267
	3	2000000
91: 270
	0	2399
	3	2000000
92: 273
	3	2000000
93: 276
	3	2000000
94: 279
	1	4090
	2	2000000
95: 282
	3	2000000
96: 285
	3	2000000
97: 288
	3	2000000
98: 291
	3	2000000
99: 294
	3	2000000
100: 297
	3	2000000
101: 300
	3	2000000
102: 303
	3	2000000
103: 306
	3	2000000
104: 309
	3	2000000
105: 312
	3	2000000
106: 315
	0	404090
	3	2000000
107: 318
	2	4090
	1	2000000
108: 321
	3	2000000
109: 324
	3	2000000
110: 327
	3	2000000
111: 330
	3	2000000
112: 333
	3	2000000
113: 336
	3	2000000
114: 339
	3	2000000
115: 342
	3	2000000
116: 345
	3	2000000
117: 348
	3	2000000
118: 351
	3	2000000
119: 354
	1	404090
	2	2000000
120: 357
	3	2000000
121: 360
	0	402399
	3	2000000
122: 363
	3	2000000
123: 366
	3	2000000
124: 369
	3	2000000
125: 372
	3	2000000
126: 375
	3	2000000
127: 378
	3	2000000
128: 381
	3	2000000
129: 384
	3	2000000
130: 387
	3	2000000
131: 390
	0	2399
	3	2000000
132: 393
	3	2000000
133: 396
	3	2000000
134: 399
	3	2000000
135: 402
	3	2000000
136: 405
	3	2000000
137: 408
	3	2000000
138: 411
	3	2000000
139: 414
	3	2000000
140: 417
	3	2000000
141: 420
	3	2000000
142: 423
	3	2000000
143: 426
	3	2000000
144: 429
	3	2000000
145: 432
	3	2000000
146: 435
	3	2000000
147: 438
	2	4090
	1	2000000
148: 441
	3	2000000
149: 444
	3	2000000
150: 447
	3	2000000
151: 450
	3	2000000
152: 453
	3	2000000
153: 456
	3	2000000
154: 459
	3	2000000
155: 462
	3	2000000
156: 465
	3	2000000
157: 468
	3	2000000
158: 471
	3	2000000
159: 474
	1	404090
	2	2000000
160: 477
	3	2000000
161: 480
	0	402399
	3	2000000
162: 483
	3	2000000
163: 486
	3	2000000
164: 489
	3	2000000
165: 492
	3	2000000
166: 495
	3	2000000
167: 498
	3	2000000
168: 501
	3	2000000
169: 504
	3	2000000
170: 507
	3	2000000
171: 510
	0	2399
	3	2000000
172: 513
	3	2000000
173: 516
	3	2000000
174: 519
	1	4090
	2	2000000
175: 522
	3	2000000
176: 525
	3	2000000
177: 528
	3	2000000
178: 531
	3	2000000
179: 534
	3	2000000
180: 537
	3	2000000
181: 540
	3	2000000
182: 543
	3	2000000
183: 546
	3	2000000
184: 549
	3	2000000
185: 552
	3	2000000
186: 555
	0	404090
	3	2000000
187: 558
	3	2000000
188: 561
	3	2000000
189: 564
	3	2000000
190: 567
	3	2000000
191: 570
	3	2000000
192: 573
	3	2000000
193: 576
	3	2000000
194: 579
	3	2000000
195: 582
	3	2000000
196: 585
	3	2000000
197: 588
	3	2000000
198: 591
	3	2000000
199: 594
	3	2000000
200: 597
	3	2000000
201: 600
	0	402399
	3	2000000
202: 603
	3	2000000
203: 606
	3	2000000
204: 609
	3	2000000
205: 612
	3	2000000
206: 615
	3	2000000
207: 618
	3	2000000
208: 621
	3	2000000
209: 624
	3	2000000
210: 627
	3	2000000
211: 630
	0	2399
	3	2000000
212: 633
	3	2000000
213: 636
	3	2000000
214: 639
	1	4090
	2	2000000
215: 642
	3	2000000
216: 645
	3	2000000
217: 648
	3	2000000
218: 651
	3	2000000
219: 654
	3	2000000
220: 657
	3	2000000
221: 660
	3	2000000
222: 663
	3	2000000
223: 666
	3	2000000
224: 669
	3	2000000
225: 672
	3	2000000
226: 675
	0	404090
	3	2000000
227: 678
	2	4090
	1	2000000
228: 681
	3	2000000
229: 684
	3	2000000
230: 687
	3	2000000
231: 690
	3	2000000
232: 693
	3	2000000
233: 696
	3	2000000
234: 699
	3	2000000
235: 702
	3	2000000
236: 705
	3	2000000
237: 708
	3	2000000
238: 711
	3	2000000
239: 714
	1	404090
	2	2000000
240: 717
	3	2000000
241: 720
	0	402399
	3	2000000
242: 723
	3	2000000
243: 726
	3	2000000
244: 729
	3	2000000
245: 732
	3	2000000
246: 735
	3	2000000
247: 738
	3	2000000
248: 741
	3	2000000
249: 744
	3	2000000
250: 747
	3	2000000
251: 750
	0	2399
	3	2000000
252: 753
	3	2000000
253: 756
	3	2000000
254: 759
	3	2000000
255: 762
	3	2000000
256: 765
	3	2000000
257: 768
	3	2000000
258: 771
	3	2000000
259: 774
	3	2000000
260: 777
	3	2000000
261: 780
	3	2000000
262: 783
	3	2000000
263: 786
	3	2000000
264: 789
	3	2000000
265: 792
	3	2000000
266: 795
	3	2000000
267: 798
	2	4090
	1	2000000
268: 801
	3	2000000
269: 804
	3	2000000
270: 807
	3	2000000
271: 810
	3	2000000
272: 813
	3	2000000
273: 816
	3	2000000
274: 819
	3	2000000
275: 822
	3	2000000
276: 825
	3	2000000
277: 828
	3	2000000
278: 831
	3	2000000
279: 834
	1	404090
	2	2000000
280: 837
	3	2000000
281: 840
	0	402399
	3	2000000
282: 843
	3	2000000
283: 846
	3	2000000
284: 849
	3	2000000
285: 852
	3	2000000
286: 855
	3	2000000
287: 858
	3	2000000
288: 861
	3	2000000
289: 864
	3	2000000
290: 867
	3	2000000
291: 870
	0	2399
	3	2000000
292: 873
	3	2000000
293: 876
	3	2000000
294: 879
	1	4090
	2	2000000
295: 882
	3	2000000
296: 885
	3	2000000
297: 888
	3	2000000
298: 891
	3	2000000
299: 894
	3	2000000
300: 897
	3	2000000
301: 900
	3	2000000
302: 903
	3	2000000
303: 906
	3	2000000
304: 909
	3	2000000
305: 912
	3	2000000
306: 915
	0	404090
	3	2000000
307: 918
	3	2000000
308: 921
	3	2000000
309: 924
	3	2000000
310: 927
	3	2000000
311: 930
	3	2000000
312: 933
	3	2000000
313: 936
	3	2000000
314: 939
	3	2000000
315: 942
	3	2000000
316: 945
	3	2000000
317: 948
	3	2000000
318: 951
	3	2000000
319: 954
	3	2000000
320: 957
	3	2000000
321: 960
	0	402399
	3	2000000
322: 963
	3	2000000
323: 966
	3	2000000
324: 969
	3	2000000
325: 972
	3	2000000
326: 975
	3	2000000
327: 978
	3	2000000
328: 981
	3	2000000
329: 984
	3	2000000
330: 987
	3	2000000
331: 990
	0	2399
	3	2000000
332: 993
	3	2000000
333: 996
	3	2000000
334: 999
	1	4090
	2	2000000
335: 1002
	3	2000000
336: 1005
	3	2000000
337: 1008
	3	2000000
338: 1011
	3	2000000
339: 1014
	3	2000000
340: 1017
	3	2000000
341: 1020
	3	2000000
342: 1023
	3	2000000
343: 1026
	3	2000000
344: 1029
	3	2000000
345: 1032
	3	2000000
346: 1035
	0	404090
	3	2000000
347: 1038
	2	4090
	1	2000000
348: 1041
	3	2000000
349: 1044
	3	2000000
350: 1047
	3	2000000
351: 1050
	3	2000000
352: 1053
	3	2000000
353: 1056
	3	2000000
354: 1059
	3	2000000
355: 1062
	3	2000000
356: 1065
	3	2000000
357: 1068
	3	2000000
358: 1071
	3	2000000
359: 1074
	1	404090
	2	2000000
360: 1077
	3	2000000
361: 1080
	0	402399
	3	2000000
362: 1083
	3	2000000
363: 1086
	3	2000000
364: 1089
	3	2000000
365: 1092
	3	2000000
366: 1095
	3	2000000
367: 1098
	3	2000000
368: 1101
	3	2000000
369: 1104
	3	2000000
370: 1107
	3	2000000
371: 1110
	0	2399
	3	2000000
372: 1113
	3	2000000
373: 1116
	3	2000000
374: 1119
	3	2000000
375: 1122
	3	2000000
376: 1125
	3	2000000
377: 1128
	3	2000000
378: 1131
	3	2000000
379: 1134
	3	2000000
380: 1137
	3	2000000
381: 1140
	3	2000000
382: 1143
	3	2000000
383: 1146
	3	2000000
384: 1149
	3	2000000
385: 1152
	3	2000000
386: 1155
	3	2000000
387: 1158
	2	4090
	1	2000000
388: 1161
	3	2000000
389: 1164
	3	2000000
390: 1167
	3	2000000
391: 1170
	3	2000000
392: 1173
	3	2000000
393: 1176
	3	2000000
394: 1179
	3	2000000
395: 1182
	3	2000000
396: 1185
	3	2000000
397: 1188
	3	2000000
398: 1191
	3	2000000
399: 1194
	1	404090
	2	2000000
400: 1197
	3	2000000
401: 1200
	0	402399
	3	2000000
402: 1203
	3	2000000
403: 1206
	3	2000000
404: 1209
	3	2000000
405: 1212
	3	2000000
406: 1215
	3	2000000
407: 1218
	3	2000000
408: 1221
	3	2000000
409: 1224
	3	2000000
410: 1227
	3	2000000
411: 1230
	0	2399
	3	2000000
412: 1233
	3	2000000
413: 1236
	3	2000000
414: 1239
	1	4090
	2	2000000
415: 1242
	3	2000000
416: 1245
	3	2000000
417: 1248
	3	2000000
418: 1251
	3	2000000
419: 1254
	3	2000000
420: 1257
	3	2000000
421: 1260
	3	2000000
422: 1263
	3	2000000
423: 1266
	3	2000000
424: 1269
	3	2000000
425: 1272
	3	2000000
426: 1275
	0	404090
	3	2000000
427: 1278
	3	2000000
428: 1281
	3	2000000
429: 1284
	3	2000000
430: 1287
	3	2000000
431: 1290
	3	2000000
432: 1293
	3	2000000
433: 1296
	3	2000000
434: 1299
	3	2000000
435: 1302
	3	2000000
436: 1305
	3	2000000
437: 1308
	3	2000000
438: 1311
	3	2000000
439: 1314
	3	2000000
440: 1317
	3	2000000
441: 1320
	0	402399
	3	2000000
442: 1323
	3	2000000
443: 1326
	3	2000000
444: 1329
	3	2000000
445: 1332
	3	2000000
446: 1335
	3	2000000
447: 1338
	3	2000000
448: 1341
	3	2000000
449: 1344
	3	2000000
450: 1347
	3	2000000
451: 1350
	0	2399
	3	2000000
452: 1353
	3	2000000
453: 1356
	3	2000000
454: 1359
	1	4090
	2	2000000
455: 1362
	3	2000000
456: 1365
	3	2000000
457: 1368
	3	2000000
458: 1371
	3	2000000
459: 1374
	3	2000000
460: 1377
	3	2000000
461: 1380
	3	2000000
462: 1383
	3	2000000
463: 1386
	3	2000000
464: 1389
	3	2000000
465: 1392
	3	2000000
466: 1395
	0	404090
	3	2000000
467: 1398
	2	4090
	1	2000000
468: 1401
	3	2000000
469: 1404
	3	2000000
470: 1407
	3	2000000
471: 1410
	3	2000000
472: 1413
	3	2000000
473: 1416
	3	2000000
474: 1419
	3	2000000
475: 1422
	3	2000000
476: 1425
	3	2000000
477: 1428
	3	2000000
478: 1431
	3	2000000
479: 1434
	1	404090
	2	2000000
480: 1437
	3	2000000
481: 1440
	0	402399
	3	2000000
482: 1443
	3	2000000
483: 1446
	3	2000000
484: 1449
	3	2000000
485: 1452
	3	2000000
486: 1455
	3	2000000
487: 1458
	3	2000000
488: 1461
	3	2000000
489: 1464
	3	2000000
490: 1467
	3	2000000
491: 1470
	0	2399
	3	2000000
492: 1473
	3	2000000
493: 1476
	3	2000000
494: 1479
	3	2000000
495: 1482
	3	2000000
496: 1485
	3	2000000
497: 1488
	3	2000000
498: 1491
	3	2000000
499: 1494
	3	2000000
500: 1497
	3	2000000
501: 1500
	3	2000000
502: 1503
	3	2000000
503: 1506
	3	2000000
504: 1509
	3	2000000
505: 1512
	3	2000000
506: 1515
	3	2000000
507: 1518
	2	4090
	1	2000000
508: 1521
	3	2000000
509: 1524
	3	2000000
510: 1527
	3	2000000
511: 1530
	3	2000000
512: 1533
	3	2000000
513: 1536
	3	2000000
514: 1539
	3	2000000
515: 1542
	3	2000000
516: 1545
	3	2000000
517: 1548
	3	2000000
518: 1551
	3	2000000
519: 1554
	1	404090
	2	2000000
520: 1557
	3	2000000
521: 1560
	0	402399
	3	2000000
522: 1563
	3	2000000
523: 1566
	3	2000000
524: 1569
	3	2000000
525: 1572
	3	2000000
526: 1575
	3	2000000
527: 1578
	3	2000000
528: 1581
	3	2000000
529: 1584
	3	2000000
530: 1587
	3	2000000
531: 1590
	0	2399
	3	2000000
532: 1593
	3	2000000
533: 1596
	3	2000000
534: 1599
	1	4090
	2	2000000
535: 1602
	3	2000000
536: 1605
	3	2000000
537: 1608
	3	2000000
538: 1611
	3	2000000
539: 1614
	3	2000000
540: 1617
	3	2000000
541: 1620
	3	2000000
542: 1623
	3	2000000
543: 1626
	3	2000000
544: 1629
	3	2000000
545: 1632
	3	2000000
546: 1635
	0	404090
	3	2000000
547: 1638
	3	2000000
548: 1641
	3	2000000
549: 1644
	3	2000000
550: 1647
	3	2000000
551: 1650
	3	2000000
552: 1653
	3	2000000
553: 1656
	3	2000000
554: 1659
	3	2000000
555: 1662
	3	2000000
556: 1665
	3	2000000
557: 1668
	3	2000000
558: 1671
	3	2000000
559: 1674
	3	2000000
560: 1677
	3	2000000
561: 1680
	0	402399
	3	2000000
562: 1683
	3	2000000
563: 1686
	3	2000000
564: 1689
	3	2000000
565: 1692
	3	2000000
566: 1695
	3	2000000
567: 1698
	3	2000000
568: 1701
	3	2000000
569: 1704
	3	2000000
570: 1707
	3	2000000
571: 1710
	0	2399
	3	2000000
572: 1713
	3	2000000
573: 1716
	3	2000000
574: 1719
	1	4090
	2	2000000
575: 1722
	3	2000000
576: 1725
	3	2000000
577: 1728
	3	2000000
578: 1731
	3	2000000
579: 1734
	3	2000000
580: 1737
	3	2000000
581: 1740
	3	2000000
582: 1743
	3	2000000
583: 1746
	3	2000000
584: 1749
	3	2000000
585: 1752
	3	2000000
586: 1755
	0	404090
	3	2000000
587: 1758
	2	4090
	1	2000000
588: 1761
	3	2000000
589: 1764
	3	2000000
590: 1767
	3	2000000
591: 1770
	3	2000000
592: 1773
	3	2000000
593: 1776
	3	2000000
594: 1779
	3	2000000
595: 1782
	3	2000000
596: 1785
	3	2000000
597: 1788
	3	2000000
598: 1791
	3	2000000
599: 1794
	1	404090
	2	2000000
600: 1797
	3	2000000
601: 1800
	0	402399
	3	2000000
602: 1803
	3	2000000
603: 1806
	3	2000000
604: 1809
	3	2000000
605: 1812
	3	2000000
606: 1815
	3	2000000
607: 1818
	3	2000000
608: 1821
	3	2000000
609: 1824
	3	2000000
610: 1827
	3	2000000
611: 1830
	0	2399
	3	2000000
612: 1833
	3	2000000
613: 1836
	3	2000000
614: 1839
	3	2000000
615: 1842
	3	2000000
616: 1845
	3	2000000
617: 1848
	3	2000000
618: 1851
	3	2000000
619: 1854
	3	2000000
620: 1857
	3	2000000
621: 1860
	3	2000000
622: 1863
	3	2000000
623: 1866
	3	2000000
624: 1869
	3	2000000
625: 1872
	3	2000000
626: 1875
	3	2000000
627: 1878
	2	4090
	1	2000000
628: 1881
	3	2000000
629: 1884
	3	2000000
630: 1887
	3	2000000
631: 1890
	3	2000000
632: 1893
	3	2000000
633: 1896
	3	2000000
634: 1899
	3	2000000
635: 1902
	3	2000000
636: 1905
	3	2000000
637: 1908
	3	2000000
638: 1911
	3	2000000
639: 1914
	1	404090
	2	2000000
640: 1917
	3	2000000
641: 1920
	0	402399
	3	2000000
642: 1923
	3	2000000
643: 1926
	3	2000000
644: 1929
	3	2000000
645: 1932
	3	2000000
646: 1935
	3	2000000
647: 1938
	3	2000000
648: 1941
	3	2000000
649: 1944
	3	2000000
650: 1947
	3	2000000
651: 1950
	0	2399
	3	2000000
652: 1953
	3	2000000
653: 1956
	3	2000000
654: 1959
	1	4090
	2	2000000
655: 1962
	3	2000000
656: 1965
	3	2000000
657: 1968
	3	2000000
658: 1971
	3	2000000
659: 1974
	3	2000000
660: 1977
	3	2000000
661: 1980
	3	2000000
662: 1983
	3	2000000
663: 1986
	3	2000000
664: 1989
	3	2000000
665: 1992
	3	2000000
666: 1995
	0	404090
	3	2000000
667: 1998
	3	2000000
668: 2001
	3	2000000
669: 2004
	3	2000000
670: 2007
	3	2000000
671: 2010
	3	2000000
672: 2013
	3	2000000
673: 2016
	3	2000000
674: 2019
	3	2000000
675: 2022
	3	2000000
676: 2025
	3	2000000
677: 2028
	3	2000000
678: 2031
	3	2000000
679: 2034
	3	2000000
680: 2037
	3	2000000
681: 2040
	0	402399
	3	2000000
682: 2043
	3	2000000
683: 2046
	3	2000000
684: 2049
	3	2000000
685: 2052
	3	2000000
686: 2055
	3	2000000
687: 2058
	3	2000000
688: 2061
	3	2000000
689: 2064
	3	2000000
690: 2067
	3	2000000
691: 2070
	0	2399
	3	2000000
692: 2073
	3	2000000
693: 2076
	3	2000000
694: 2079
	1	4090
	2	2000000
695: 2082
	3	2000000
696: 2085
	3	2000000
697: 2088
	3	2000000
698: 2091
	3	2000000
699: 2094
	3	2000000
700: 2097
	3	2000000
701: 2100
	3	2000000
702: 2103
	3	2000000
703: 2106
	3	2000000
704: 2109
	3	2000000
705: 2112
	3	2000000
706: 2115
	0	404090
	3	2000000
707: 2118
	2	4090
	1	2000000
708: 2121
	3	2000000
709: 2124
	3	2000000
710: 2127
	3	2000000
711: 2130
	3	2000000
712: 2133
	3	2000000
713: 2136
	3	2000000
714: 2139
	3	2000000
715: 2142
	3	2000000
716: 2145
	3	2000000
717: 2148
	3	2000000
718: 2151
	3	2000000
719: 2154
	1	404090
	2	2000000
720: 2157
	3	2000000
721: 2160
	0	402399
	3	2000000
722: 2163
	3	2000000
723: 2166
	3	2000000
724: 2169
	3	2000000
725: 2172
	3	2000000
726: 2175
	3	2000000
727: 2178
	3	2000000
728: 2181
	3	2000000
729: 2184
	3	2000000
730: 2187
	3	2000000
731: 2190
	0	2399
	3	2000000
732: 2193
	3	2000000
733: 2196
	3	2000000
734: 2199
	3	2000000
735: 2202
	3	2000000
736: 2205
	3	2000000
737: 2208
	3	2000000
738: 2211
	3	2000000
739: 2214
	3	2000000
740: 2217
	3	2000000
741: 2220
	3	2000000
742: 2223
	3	2000000
743: 2226
	3	2000000
744: 2229
	3	2000000
745: 2232
	3	2000000
746: 2235
	3	2000000
747: 2238
	2	4090
	1	2000000
748: 2241
	3	2000000
749: 2244
	3	2000000
750: 2247
	3	2000000
751: 2250
	3	2000000
752: 2253
	3	2000000
753: 2256
	3	2000000
754: 2259
	3	2000000
755: 2262
	3	2000000
756: 2265
	3	2000000
757: 2268
	3	2000000
758: 2271
	3	2000000
759: 2274
	1	404090
	2	2000000
760: 2277
	3	2000000
761: 2280
	0	402399
	3	2000000
762: 2283
	3	2000000
763: 2286
	3	2000000
764: 2289
	3	2000000
765: 2292
	3	2000000
766: 2295
	3	2000000
767: 2298
	3	2000000
768: 2301
	3	2000000
769: 2304
	3	2000000
770: 2307
	3	2000000
771: 2310
	0	2399
	3	2000000
772: 2313
	3	2000000
773: 2316
	3	2000000
774: 2319
	1	4090
	2	2000000
775: 2322
	3	2000000
776: 2325
	3	2000000
777: 2328
	3	2000000
778: 2331
	3	2000000
779: 2334
	3	2000000
780: 2337
	3	2000000
781: 2340
	3	2000000
782: 2343
	3	2000000
783: 2346
	3	2000000
784: 2349
	3	2000000
785: 2352
	3	2000000
786: 2355
	0	404090
	3	2000000
787: 2358
	3	2000000
788: 2361
	3	2000000
789: 2364
	3	2000000
790: 2367
	3	2000000
791: 2370
	3	2000000
792: 2373
	3	2000000
793: 2376
	3	2000000
794: 2379
	3	2000000
795: 2382
	3	2000000
796: 2385
	3	2000000
797: 2388
	3	2000000
798: 2391
	3	2000000
799: 2394
	3	2000000
800: 2397
	3	2000000
801: 2400
	0	402399
	3	2000000
802: 2403
	3	2000000
803: 2406
	3	2000000
804: 2409
	3	2000000
805: 2412
	3	2000000
806: 2415
	3	2000000
807: 2418
	3	2000000
808: 2421
	3	2000000
809: 2424
	3	2000000
810: 2427
	3	2000000
811: 2430
	0	2399
	3	2000000
812: 2433
	3	2000000
813: 2436
	3	2000000
814: 2439
	1	4090
	2	2000000
815: 2442
	3	2000000
816: 2445
	3	2000000
817: 2448
	3	2000000
818: 2451
	3	2000000
819: 2454
	3	2000000
820: 2457
	3	2000000
821: 2460
	3	2000000
822: 2463
	3	2000000
823: 2466
	3	2000000
824: 2469
	3	2000000
825: 2472
	3	2000000
826: 2475
	0	404090
	3	2000000
827: 2478
	2	4090
	1	2000000
828: 2481
	3	2000000
829: 2484
	3	2000000
830: 2487
	3	2000000
831: 2490
	3	2000000
832: 2493
	3	2000000
833: 2496
	3	2000000
834: 2499
	3	2000000
835: 2502
	3	2000000
836: 2505
	3	2000000
837: 2508
	3	2000000
838: 2511
	3	2000000
839: 2514
	1	404090
	2	2000000
840: 2517
	3	2000000
841: 2520
	0	402399
	3	2000000
842: 2523
	3	2000000
843: 2526
	3	2000000
844: 2529
	3	2000000
845: 2532
	3	2000000
846: 2535
	3	2000000
847: 2538
	3	2000000
848: 2541
	3	2000000
849: 2544
	3	2000000
850: 2547
	3	2000000
851: 2550
	0	2399
	3	2000000
852: 2553
	3	2000000
853: 2556
	3	2000000
854: 2559
	3	2000000
855: 2562
	3	2000000
856: 2565
	3	2000000
857: 2568
	3	2000000
858: 2571
	3	2000000
859: 2574
	3	2000000
860: 2577
	3	2000000
861: 2580
	3	2000000
862: 2583
	3	2000000
863: 2586
	3	2000000
864: 2589
	3	2000000
865: 2592
	3	2000000
866: 2595
	3	2000000
867: 2598
	2	4090
	1	2000000
868: 2601
	3	2000000
869: 2604
	3	2000000
870: 2607
	3	2000000
871: 2610
	3	2000000
872: 2613
	3	2000000
873: 2616
	3	2000000
874: 2619
	3	2000000
875: 2622
	3	2000000
876: 2625
	3	2000000
877: 2628
	3	2000000
878: 2631
	3	2000000
879: 2634
	1	404090
	2	2000000
880: 2637
	3	2000000
881: 2640
	0	402399
	3	2000000
882: 2643
	3	2000000
883: 2646
	3	2000000
884: 2649
	3	2000000
885: 2652
	3	2000000
886: 2655
	3	2000000
887: 2658
	3	2000000
888: 2661
	3	2000000
889: 2664
	3	2000000
890: 2667
	3	2000000
891: 2670
	0	2399
	3	2000000
892: 2673
	3	2000000
893: 2676
	3	2000000
894: 2679
	1	4090
	2	2000000
895: 2682
	3	2000000
896: 2685
	3	2000000
897: 2688
	3	2000000
898: 2691
	3	2000000
899: 2694
	3	2000000
900: 2697
	3	2000000
901: 2700
	3	2000000
902: 2703
	3	2000000
903: 2706
	3	2000000
904: 2709
	3	2000000
905: 2712
	3	2000000
906: 2715
	0	404090
	3	2000000
907: 2718
	3	2000000
908: 2721
	3	2000000
909: 2724
	3	2000000
910: 2727
	3	2000000
911: 2730
	3	2000000
912: 2733
	3	2000000
913: 2736
	3	2000000
914: 2739
	3	2000000
915: 2742
	3	2000000
916: 2745
	3	2000000
917: 2748
	3	2000000
918: 2751
	3	2000000
919: 2754
	3	2000000
920: 2757
	3	2000000
921: 2760
	0	402399
	3	2000000
922: 2763
	3	2000000
923: 2766
	3	2000000
924: 2769
	3	2000000
925: 2772
	3	2000000
926: 2775
	3	2000000
927: 2778
	3	2000000
928: 2781
	3	2000000
929: 2784
	3	2000000
930: 2787
	3	2000000
931: 2790
	0	2399
	3	2000000
932: 2793
	3	2000000
933: 2796
	3	2000000
934: 2799
	1	4090
	2	2000000
935: 2802
	3	2000000
936: 2805
	3	2000000
937: 2808
	3	2000000
938: 2811
	3	2000000
939: 2814
	3	2000000
940: 2817
	3	2000000
941: 2820
	3	2000000
942: 2823
	3	2000000
943: 2826
	3	2000000
944: 2829
	3	2000000
945: 2832
	3	2000000
946: 2835
	0	404090
	3	2000000
947: 2838
	2	4090
	1	2000000
948: 2841
	3	2000000
949: 2844
	3	2000000
950: 2847
	3	2000000
951: 2850
	3	2000000
952: 2853
	3	2000000
953: 2856
	3	2000000
954: 2859
	3	2000000
955: 2862
	3	2000000
956: 2865
	3	2000000
957: 2868
	3	2000000
958: 2871
	3	2000000
959: 2874
	1	404090
	2	2000000
960: 2877
	3	2000000
961: 2880
	0	402399
	3	2000000
962: 2883
	3	2000000
963: 2886
	3	2000000
964: 2889
	3	2000000
965: 2892
	3	2000000
966: 2895
	3	2000000
967: 2898
	3	2000000
968: 2901
	3	2000000
969: 2904
	3	2000000
970: 2907
	3	2000000
971: 2910
	0	2399
	3	2000000
972: 2913
	3	2000000
973: 2916
	3	2000000
974: 2919
	3	2000000
975: 2922
	3	2000000
976: 2925
	3	2000000
977: 2928
	3	2000000
978: 2931
	3	2000000
979: 2934
	3	2000000
980: 2937
	3	2000000
981: 2940
	3	2000000
982: 2943
	3	2000000
983: 2946
	3	2000000
984: 2949
	3	2000000
985: 2952
	3	2000000
986: 2955
	3	2000000
987: 2958
	2	4090
	1	2000000
988: 2961
	3	2000000
989: 2964
	3	2000000
990: 2967
	3	2000000
991: 2970
	3	2000000
992: 2973
	3	2000000
993: 2976
	3	2000000
994: 2979
	3	2000000
995: 2982
	3	2000000
996: 2985
	3	2000000
997: 2988
	3	2000000
998: 2991
	3	2000000
999: 2994
	1	404090
	2	2000000
1000: 2997
	3	2000000
1001: 3000
	0	402399
	3	2000000
1002: 3003
	3	2000000
1003: 3006
	3	2000000
1004: 3009
	3	2000000
1005: 3012
	3	2000000
1006: 3015
	3	2000000
1007: 3018
	3	2000000
1008: 3021
	3	2000000
1009: 3024
	3	2000000
1010: 3027
	3	2000000
1011: 3030
	0	2399
	3	2000000
1012: 3033
	3	2000000
1013: 3036
	3	2000000
1014: 3039
	1	4090
	2	2000000
1015: 3042
	3	2000000
1016: 3045
	3	2000000
1017: 3048
	3	2000000
1018: 3051
	3	2000000
1019: 3054
	3	2000000
1020: 3057
	3	2000000
1021: 3060
	3	2000000
1022: 3063
	3	2000000
1023: 3066
	3	2000000
1024: 3069
	3	2000000
1025: 3072
	3	2000000
1026: 3075
	0	404090
	3	2000000
1027: 3078
	3	2000000
1028: 3081
	3	2000000
1029: 3084
	3	2000000
1030: 3087
	3	2000000
1031: 3090
	3	2000000
1032: 3093
	3	2000000
1033: 3096
	3	2000000
1034: 3099
	3	2000000
1035: 3102
	3	2000000
1036: 3105
	3	2000000
1037: 3108
	3	2000000
1038: 3111
	3	2000000
1039: 3114
	3	2000000
1040: 3117
	3	2000000
1041: 3120
	0	402399
	3	2000000
1042: 3123
	3	2000000
1043: 3126
	3	2000000
1044: 3129
	3	2000000
1045: 3132
	3	2000000
1046: 3135
	3	2000000
1047: 3138
	3	2000000
1048: 3141
	3	2000000
1049: 3144
	3	2000000
1050: 3147
	3	2000000
1051: 3150
	0	2399
	3	2000000
1052: 3153
	3	2000000
1053: 3156
	3	2000000
1054: 3159
	1	4090
	2	2000000
1055: 3162
	3	2000000
1056: 3165
	3	2000000
1057: 3168
	3	2000000
1058: 3171
	3	2000000
1059: 3174
	3	2000000
1060: 3177
	3	2000000
1061: 3180
	3	2000000
1062: 3183
	3	2000000
1063: 3186
	3	2000000
1064: 3189
	3	2000000
1065: 3192
	3	2000000
1066: 3195
	0	404090
	3	2000000
1067: 3198
	2	4090
	1	2000000
1068: 3201
	3	2000000
1069: 3204
	3	2000000
1070: 3207
	3	2000000
1071: 3210
	3	2000000
1072: 3213
	3	2000000
1073: 3216
	3	2000000
1074: 3219
	3	2000000
1075: 3222
	3	2000000
1076: 3225
	3	2000000
1077: 3228
	3	2000000
1078: 3231
	3	2000000
1079: 3234
	1	404090
	2	2000000
1080: 3237
	3	2000000
1081: 3240
	0	402399
	3	2000000
1082: 3243
	3	2000000
1083: 3246
	3	2000000
1084: 3249
	3	2000000
1085: 3252
	3	2000000
1086: 3255
	3	2000000
1087: 3258
	3	2000000
1088: 3261
	3	2000000
1089: 3264
	3	2000000
1090: 3267
	3	2000000
1091: 3270
	0	2399
	3	2000000
1092: 3273
	3	2000000
1093: 3276
	3	2000000
1094: 3279
	3	2000000
1095: 3282
	3	2000000
1096: 3285
	3	2000000
1097: 3288
	3	2000000
1098: 3291
	3	2000000
1099: 3294
	3	2000000
1100: 3297
	3	2000000
1101: 3300
	3	2000000
1102: 3303
	3	2000000
1103: 3306
	3	2000000
1104: 3309
	3	2000000
1105: 3312
	3	2000000
1106: 3315
	3	2000000
1107: 3318
	2	4090
	1	2000000
1108: 3321
	3	2000000
1109: 3324
	3	2000000
1110: 3327
	3	2000000
1111: 3330
	3	2000000
1112: 3333
	3	2000000
1113: 3336
	3	2000000
1114: 3339
	3	2000000
1115: 3342
	3	2000000
1116: 3345
	3	2000000
1117: 3348
	3	2000000
1118: 3351
	3	2000000
1119: 3354
	1	404090
	2	2000000
1120: 3357
	3	2000000
1121: 3360
	0	402399
	3	2000000
1122: 3363
	3	2000000
1123: 3366
	3	2000000
1124: 3369
	3	2000000
1125: 3372
	3	2000000
1126: 3375
	3	2000000
1127: 3378
	3	2000000
1128: 3381
	3	2000000
1129: 3384
	3	2000000
1130: 3387
	3	2000000
1131: 3390
	0	2399
	3	2000000
1132: 3393
	3	2000000
1133: 3396
	3	2000000
1134: 3399
	1	4090
	2	2000000
1135: 3402
	3	2000000
1136: 3405
	3	2000000
1137: 3408
	3	2000000
1138: 3411
	3	2000000
1139: 3414
	3	2000000
1140: 3417
	3	2000000
1141: 3420
	3	2000000
1142: 3423
	3	2000000
1143: 3426
	3	2000000
1144: 3429
	3	2000000
1145: 3432
	3	2000000
1146: 3435
	0	404090
	3	2000000
1147: 3438
	3	2000000
1148: 3441
	3	2000000
1149: 3444
	3	2000000
1150: 3447
	3	2000000
1151: 3450
	3	2000000
1152: 3453
	3	2000000
1153: 3456
	3	2000000
1154: 3459
	3	2000000
1155: 3462
	3	2000000
1156: 3465
	3	2000000
1157: 3468
	3	2000000
1158: 3471
	3	2000000
1159: 3474
	3	2000000
1160: 3477
	3	2000000
1161: 3480
	0	402399
	3	2000000
1162: 3483
	3	2000000
1163: 3486
	3	2000000
1164: 3489
	3	2000000
1165: 3492
	3	2000000
1166: 3495
	3	2000000
1167: 3498
	3	2000000
1168: 3501
	3	2000000
1169: 3504
	3	2000000
1170: 3507
	3	2000000
1171: 3510
	0	2399
	3	2000000
1172: 3513
	3	2000000
1173: 3516
	3	2000000
1174: 3519
	1	4090
	2	2000000
1175: 3522
	3	2000000
1176: 3525
	3	2000000
1177: 3528
	3	2000000
1178: 3531
	3	2000000
1179: 3534
	3	2000000
1180: 3537
	3	2000000
1181: 3540
	3	2000000
1182: 3543
	3	2000000
1183: 3546
	3	2000000
1184: 3549
	3	2000000
1185: 3552
	3	2000000
1186: 3555
	0	404090
	3	2000000
1187: 3558
	2	4090
	1	2000000
1188: 3561
	3	2000000
1189: 3564
	3	2000000
1190: 3567
	3	2000000
1191: 3570
	3	2000000
1192: 3573
	3	2000000
1193: 3576
	3	2000000
1194: 3579
	3	2000000
1195: 3582
	3	2000000
1196: 3585
	3	2000000
1197: 3588
	3	2000000
1198: 3591
	3	2000000
1199: 3594
	1	404090
	2	2000000
1200: 3597
	3	2000000
1201: 3600
	0	402399
	3	2000000
1202: 3603
	3	2000000
1203: 3606
	3	2000000
1204: 3609
	3	2000000
1205: 3612
	3	2000000
1206: 3615
	3	2000000
1207: 3618
	3	2000000
1208: 3621
	3	2000000
1209: 3624
	3	2000000
1210: 3627
	3	2000000
1211: 3630
	0	2399
	3	2000000
1212: 3633
	3	2000000
1213: 3636
	3	2000000
1214: 3639
	3	2000000
1215: 3642
	3	2000000
1216: 3645
	3	2000000
1217: 3648
	3	2000000
1218: 3651
	3	2000000
1219: 3654
	3	2000000
1220: 3657
	3	2000000
1221: 3660
	3	2000000
1222: 3663
	3	2000000
1223: 3666
	3	2000000
1224: 3669
	3	2000000
1225: 3672
	3	2000000
1226: 3675
	3	2000000
1227: 3678
	2	4090
	1	2000000
1228: 3681
	3	2000000
1229: 3684
	3	2000000
1230: 3687
	3	2000000
1231: 3690
	3	2000000
1232: 3693
	3	2000000
1233: 3696
	3	2000000
1234: 3699
	3	2000000
1235: 3702
	3	2000000
1236: 3705
	3	2000000
1237: 3708
	3	2000000
1238: 3711
	3	2000000
1239: 3714
	1	404090
	2	2000000
1240: 3717
	3	2000000
1241: 3720
	0	402399
	3	2000000
1242: 3723
	3	2000000
1243: 3726
	3	2000000
1244: 3729
	3	2000000
1245: 3732
	3	2000000
1246: 3735
	3	2000000
1247: 3738
	3	2000000
1248: 3741
	3	2000000
1249: 3744
	3	2000000
1250: 3747
	3	2000000
1251: 3750
	0	2399
	3	2000000
1252: 3753
	3	2000000
1253: 3756
	3	2000000
1254: 3759
	1	4090
	2	2000000
1255: 3762
	3	2000000
1256: 3765
	3	2000000
1257: 3768
	3	2000000
1258: 3771
	3	2000000
1259: 3774
	3	2000000
1260: 3777
	3	2000000
1261: 3780
	3	2000000
1262: 3783
	3	2000000
1263: 3786
	3	2000000
1264: 3789
	3	2000000
1265: 3792
	3	2000000
1266: 3795
	0	404090
	3	2000000
1267: 3798
	3	2000000
1268: 3801
	3	2000000
1269: 3804
	3	2000000
1270: 3807
	3	2000000
1271: 3810
	3	2000000
1272: 3813
	3	2000000
1273: 3816
	3	2000000
1274: 3819
	3	2000000
1275: 3822
	3	2000000
1276: 3825
	3	2000000
1277: 3828
	3	2000000
1278: 3831
	3	2000000
1279: 3834
	3	2000000
1280: 3837
	3	2000000
1281: 3840
	0	402399
	3	2000000
1282: 3843
	3	2000000
1283: 3846
	3	2000000
1284: 3849
	3	2000000
1285: 3852
	3	2000000
1286: 3855
	3	2000000
1287: 3858
	3	2000000
1288: 3861
	3	2000000
1289: 3864
	3	2000000
1290: 3867
	3	2000000
1291: 3870
	0	2399
	3	2000000
1292: 3873
	3	2000000
1293: 3876
	3	2000000
1294: 3879
	1	4090
	2	2000000
1295: 3882
	3	2000000
1296: 3885
	3	2000000
1297: 3888
	3	2000000
1298: 3891
	3	2000000
1299: 3894
	3	2000000
1300: 3897
	3	2000000
1301: 3900
	3	2000000
1302: 3903
	3	2000000
1303: 3906
	3	2000000
1304: 3909
	3	2000000
1305: 3912
	3	2000000
1306: 3915
	0	404090
	3	2000000
1307: 3918
	2	4090
	1	2000000
1308: 3921
	3	2000000
1309: 3924
	3	2000000
1310: 3927
	3	2000000
1311: 3930
	3	2000000
1312: 3933
	3	2000000
1313: 3936
	3	2000000
1314: 3939
	3	2000000
1315: 3942
	3	2000000
1316: 3945
	3	2000000
1317: 3948
	3	2000000
1318: 3951
	3	2000000
1319: 3954
	1	404090
	2	2000000
1320: 3957
	3	2000000
1321: 3960
	0	402399
	3	2000000
1322: 3963
	3	2000000
1323: 3966
	3	2000000
1324: 3969
	3	2000000
1325: 3972
	3	2000000
1326: 3975
	3	2000000
1327: 3978
	3	2000000
1328: 3981
	3	2000000
1329: 3984
	3	2000000
1330: 3987
	3	2000000
1331: 3990
	0	2399
	3	2000000
1332: 3993
	3	2000000
1333: 3996
	3	2000000
1334: 3999
	3	2000000
1335: 4002
	3	2000000
1336: 4005
	3	2000000
1337: 4008
	3	2000000
1338: 4011
	3	2000000
1339: 4014
	3	2000000
1340: 4017
	3	2000000
1341: 4020
	3	2000000
1342: 4023
	3	2000000
1343: 4026
	3	2000000
1344: 4029
	3	2000000
1345: 4032
	3	2000000
1346: 4035
	3	2000000
1347: 4038
	2	4090
	1	2000000
1348: 4041
	3	2000000
1349: 4044
	3	2000000
1350: 4047
	3	2000000
1351: 4050
	3	2000000
1352: 4053
	3	2000000
1353: 4056
	3	2000000
1354: 4059
	3	2000000
1355: 4062
	3	2000000
1356: 4065
	3	2000000
1357: 4068
	3	2000000
1358: 4071
	3	2000000
1359: 4074
	1	404090
	2	2000000
1360: 4077
	3	2000000
1361: 4080
	0	402399
	3	2000000
1362: 4083
	3	2000000
1363: 4086
	3	2000000
1364: 4089
	3	2000000
1365: 4092
	3	2000000
1366: 4095
	3	2000000
1367: 4098
	3	2000000
1368: 4101
	3	2000000
1369: 4104
	3	2000000
1370: 4107
	3	2000000
1371: 4110
	0	2399
	3	2000000
1372: 4113
	3	2000000
1373: 4116
	3	2000000
1374: 4119
	1	4090
	2	2000000
1375: 4122
	3	2000000
1376: 4125
	3	2000000
1377: 4128
	3	2000000
1378: 4131
	3	2000000
1379: 4134
	3	2000000
1380: 4137
	3	2000000
1381: 4140
	3	2000000
1382: 4143
	3	2000000
1383: 4146
	3	2000000
1384: 4149
	3	2000000
1385: 4152
	3	2000000
1386: 4155
	0	404090
	3	2000000
1387: 4158
	3	2000000
1388: 4161
	3	2000000
1389: 4164
	3	2000000
1390: 4167
	3	2000000
1391: 4170
	3	2000000
1392: 4173
	3	2000000
1393: 4176
	3	2000000
1394: 4179
	3	2000000
1395: 4182
	3	2000000
1396: 4185
	3	2000000
1397: 4188
	3	2000000
1398: 4191
	3	2000000
1399: 4194
	3	2000000
1400: 4197
	3	2000000
1401: 4200
	0	402399
	3	2000000
1402: 4203
	3	2000000
1403: 4206
	3	2000000
1404: 4209
	3	2000000
1405: 4212
	3	2000000
1406: 4215
	3	2000000
1407: 4218
	3	2000000
1408: 4221
	3	2000000
1409: 4224
	3	2000000
1410: 4227
	3	2000000
1411: 4230
	0	2399
	3	2000000
1412: 4233
	3	2000000
1413: 4236
	3	2000000
1414: 4239
	1	4090
	2	2000000
1415: 4242
	3	2000000
1416: 4245
	3	2000000
1417: 4248
	3	2000000
1418: 4251
	3	2000000
1419: 4254
	3	2000000
1420: 4257
	3	2000000
1421: 4260
	3	2000000
1422: 4263
	3	2000000
1423: 4266
	3	2000000
1424: 4269
	3	2000000
1425: 4272
	3	2000000
1426: 4275
	0	404090
	3	2000000
1427: 4278
	2	4090
	1	2000000
1428: 4281
	3	2000000
1429: 4284
	3	2000000
1430: 4287
	3	2000000
1431: 4290
	3	2000000
1432: 4293
	3	2000000
1433: 4296
	3	2000000
1434: 4299
	3	2000000
1435: 4302
	3	2000000
1436: 4305
	3	2000000
1437: 4308
	3	2000000
1438: 4311
	3	2000000
1439: 4314
	1	404090
	2	2000000
1440: 4317
	3	2000000
1441: 4320
	0	402399
	3	2000000
1442: 4323
	3	2000000
1443: 4326
	3	2000000
1444: 4329
	3	2000000
1445: 4332
	3	2000000
1446: 4335
	3	2000000
1447: 4338
	3	2000000
1448: 4341
	3	2000000
1449: 4344
	3	2000000
1450: 4347
	3	2000000
1451: 4350
	0	2399
	3	2000000
1452: 4353
	3	2000000
1453: 4356
	3	2000000
1454: 4359
	3	2000000
1455: 4362
	3	2000000
1456: 4365
	3	2000000
1457: 4368
	3	2000000
1458: 4371
	3	2000000
1459: 4374
	3	2000000
1460: 4377
	3	2000000
1461: 4380
	3	2000000
1462: 4383
	3	2000000
1463: 4386
	3	2000000
1464: 4389
	3	2000000
1465: 4392
	3	2000000
1466: 4395
	3	2000000
1467: 4398
	2	4090
	1	2000000
1468: 4401
	3	2000000
1469: 4404
	3	2000000
1470: 4407
	3	2000000
1471: 4410
	3	2000000
1472: 4413
	3	2000000
1473: 4416
	3	2000000
1474: 4419
	3	2000000
1475: 4422
	3	2000000
1476: 4425
	3	2000000
1477: 4428
	3	2000000
1478: 4431
	3	2000000
1479: 4434
	1	404090
	2	2000000
1480: 4437
	3	2000000
1481: 4440
	0	402399
	3	2000000
1482: 4443
	3	2000000
1483: 4446
	3	2000000
1484: 4449
	3	2000000
1485: 4452
	3	2000000
1486: 4455
	3	2000000
1487: 4458
	3	2000000
1488: 4461
	3	2000000
1489: 4464
	3	2000000
1490: 4467
	3	2000000
1491: 4470
	0	2399
	3	2000000
1492: 4473
	3	2000000
1493: 4476
	3	2000000
1494: 4479
	1	4090
	2	2000000
1495: 4482
	3	2000000
1496: 4485
	3	2000000
1497: 4488
	3	2000000
1498: 4491
	3	2000000
1499: 4494
	3	2000000
1500: 4497
	3	2000000
1501: 4500
	3	2000000
1502: 4503
	3	2000000
1503: 4506
	3	2000000
1504: 4509
	3	2000000
1505: 4512
	3	2000000
1506: 4515
	0	404090
	3	2000000
1507: 4518
	3	2000000
1508: 4521
	3	2000000
1509: 4524
	3	2000000
1510: 4527
	3	2000000
1511: 4530
	3	2000000
1512: 4533
	3	2000000
1513: 4536
	3	2000000
1514: 4539
	3	2000000
1515: 4542
	3	2000000
1516: 4545
	3	2000000
1517: 4548
	3	2000000
1518: 4551
	3	2000000
1519: 4554
	3	2000000
1520: 4557
	3	2000000
1521: 4560
	0	402399
	3	2000000
1522: 4563
	3	2000000
1523: 4566
	3	2000000
1524: 4569
	3	2000000
1525: 4572
	3	2000000
1526: 4575
	3	2000000
1527: 4578
	3	2000000
1528: 4581
	3	2000000
1529: 4584
	3	2000000
1530: 4587
	3	2000000
1531: 4590
	0	2399
	3	2000000
1532: 4593
	3	2000000
1533: 4596
	3	2000000
1534: 4599
	1	4090
	2	2000000
1535: 4602
	3	2000000
1536: 4605
	3	2000000
1537: 4608
	3	2000000
1538: 4611
	3	2000000
1539: 4614
	3	2000000
1540: 4617
	3	2000000
1541: 4620
	3	2000000
1542: 4623
	3	2000000
